1
Cherkassy
49.43 32.05
2
3 30.3
4 62.8
2
Gorodische
49.28 31.45
2
3 34.2
6 37.1
3
Smela
49.22 31.87
4
1 30.3
2 34.2
6 48.4
7 48.2
4
Chigirin
49.08 32.67
4
1 62.8
5 47.0
7 41.4
9 46.4
5
Svetlovodsk
49.08 33.25
3
4 47.0
9 67.2
10 64.2
6
Shpola
49.03 31.42
3
2 37.1
3 48.4
8 32.6
7
Aleksandrovka
48.97 32.23
5
3 48.2
4 41.4
8 54.1
9 50.8
11 54.3
8
Novomirgorod
48.78 31.65
3
6 32.6
7 54.1
11 65.7
9
Znamenka
48.70 32.67
5
4 46.4
5 67.2
7 50.8
10 33.6
11 42.5
10
Aleksandia
48.68 33.10
2
5 64.2
9 33.6
11
Kirovograd
48.50 32.27
3
7 54.3
8 65.7
9 42.5